"date","Hospital_Intake_Proven","Hospital_Intake_Suspected","IC_Intake_Proven","IC_Intake_Suspected","IC_Current","ICs_Used","IC_Cumulative","Hospital_Currently","IC_Deaths_Cumulative","IC_Discharge_Cumulative","IC_Discharge_InHospital","Hospital_Cumulative","Hospital_Intake","IC_Intake","Hosp_Intake_Suspec_Cumul","IC_Intake_Suspected_Cumul"
"2020-02-27",2,2,1,0,7,5,7,44,0,0,0,46,4,1,2,0
"2020-02-28",3,0,0,1,8,6,8,47,0,0,0,49,3,1,2,1
"2020-02-29",1,0,0,0,9,5,9,47,0,0,0,50,1,0,2,1
"2020-03-01",7,1,2,0,11,6,11,55,0,0,1,58,8,2,3,1
"2020-03-02",10,4,0,0,10,5,11,69,0,0,1,72,14,0,7,1
"2020-03-03",8,2,1,0,12,6,13,78,0,0,1,82,10,1,9,1
"2020-03-04",10,3,3,0,15,8,16,90,0,2,1,95,13,3,12,1
"2020-03-05",12,1,1,1,15,9,18,100,0,2,1,107,13,2,13,2
"2020-03-06",18,1,4,0,19,12,22,115,0,2,2,123,19,4,14,2
"2020-03-07",7,3,3,1,22,14,26,124,0,3,1,132,10,4,17,3
"2020-03-08",17,5,6,0,28,18,32,141,2,3,1,152,22,6,22,3
"2020-03-09",26,5,5,2,33,20,40,165,2,3,2,181,31,7,27,5
"2020-03-10",28,4,9,1,40,21,50,188,2,3,2,210,32,10,31,6
"2020-03-11",43,7,9,0,49,23,60,226,4,3,2,255,50,9,38,6
"2020-03-12",55,5,23,0,69,29,83,272,5,3,3,309,60,23,43,6
"2020-03-13",73,7,13,0,79,31,97,340,5,4,3,386,80,13,50,6
"2020-03-14",62,6,17,0,95,39,115,385,5,7,6,447,68,17,56,6
"2020-03-15",70,11,27,1,119,47,144,437,7,7,7,522,81,28,67,7
"2020-03-16",139,20,32,0,149,53,177,567,13,8,7,675,159,32,87,7
"2020-03-17",142,21,34,0,177,56,213,661,15,8,10,824,163,34,108,7
"2020-03-18",172,20,50,1,227,60,268,786,18,12,11,1002,192,51,128,8
"2020-03-19",249,33,57,2,284,68,333,995,26,12,13,1271,282,59,161,10
"2020-03-20",236,29,82,2,360,70,421,1168,32,14,18,1519,265,84,190,12
"2020-03-21",198,16,72,4,428,70,504,1248,44,17,25,1706,214,76,206,16
"2020-03-22",236,21,71,1,478,70,577,1354,49,20,26,1937,257,72,227,17
"2020-03-23",441,26,98,3,572,72,680,1670,66,23,39,2367,467,101,253,20
"2020-03-24",419,33,107,1,651,73,792,1927,74,26,44,2784,452,108,286,21
"2020-03-25",432,30,114,2,751,74,911,2141,88,30,52,3203,462,116,316,23
"2020-03-26",433,41,104,4,837,74,1025,2338,106,40,54,3634,474,108,357,27
"2020-03-27",556,41,113,3,928,74,1147,2603,121,46,70,4178,597,116,398,30
"2020-03-28",293,31,99,2,994,74,1252,2539,140,50,87,4458,324,101,429,32
"2020-03-29",252,23,87,3,1040,74,1345,2489,165,61,99,4690,275,90,452,35
"2020-03-30",436,31,127,3,1128,74,1478,2637,184,70,118,5094,467,130,483,38
"2020-03-31",307,44,107,1,1192,74,1589,2565,218,88,126,5391,351,108,527,39
"2020-04-01",310,52,71,3,1208,75,1662,2479,243,106,135,5710,362,74,579,42
"2020-04-02",350,45,88,3,1251,75,1760,2460,265,121,147,6050,395,91,624,45
"2020-04-03",330,61,76,0,1278,75,1839,2464,297,143,155,6401,391,76,685,45
"2020-04-04",185,29,62,3,1281,74,1905,2252,316,156,173,6575,214,65,714,48
"2020-04-05",224,27,72,3,1305,76,1983,2202,339,165,194,6778,251,75,741,51
"2020-04-06",321,58,60,1,1313,75,2046,2323,357,190,206,7117,379,61,799,52
"2020-04-07",204,57,55,2,1315,76,2106,2185,387,213,238,7342,261,57,856,54
"2020-04-08",206,35,55,0,1282,76,2165,2043,404,238,249,7549,241,55,891,54
"2020-04-09",187,42,50,1,1279,76,2217,1867,416,266,254,7742,229,51,933,55
"2020-04-10",203,42,48,1,1286,75,2268,1778,444,295,261,7955,245,49,975,56
"2020-04-11",132,24,26,2,1251,75,2297,1590,459,315,282,8090,156,28,999,58
"2020-04-12",135,38,34,1,1232,75,2332,1533,474,333,310,8246,173,35,1037,59
"2020-04-13",166,39,43,1,1216,76,2377,1530,495,348,336,8418,205,44,1076,60
"2020-04-14",163,43,34,2,1192,76,2414,1555,505,399,330,8599,206,36,1119,62
"2020-04-15",117,23,23,1,1167,76,2439,1470,522,455,326,8721,140,24,1142,63
"2020-04-16",114,28,28,3,1135,76,2470,1355,540,505,311,8842,142,31,1170,66
"2020-04-17",137,33,25,1,1105,77,2496,1313,558,552,311,8988,170,26,1203,67
"2020-04-18",78,19,19,0,1059,76,2515,1168,569,576,326,9066,97,19,1222,67
"2020-04-19",82,20,19,1,1029,76,2535,1143,588,582,349,9150,102,20,1242,68
"2020-04-20",109,30,25,1,1009,76,2562,1182,607,638,333,9262,139,26,1272,69
"2020-04-21",116,33,20,0,972,76,2584,1138,628,689,332,9385,149,20,1305,69
"2020-04-22",89,26,14,0,916,77,2599,1049,644,735,327,9487,115,14,1331,69
"2020-04-23",95,41,16,1,875,77,2616,1007,657,781,306,9607,136,17,1372,70
"2020-04-24",78,34,17,1,858,76,2635,955,667,844,274,9702,112,18,1406,71
"2020-04-25",44,28,13,0,827,76,2649,822,681,861,279,9766,72,13,1434,71
"2020-04-26",43,29,13,0,803,76,2662,795,691,870,294,9827,72,13,1463,71
"2020-04-27",60,21,14,0,780,76,2676,782,702,879,311,9896,81,14,1484,71
"2020-04-28",90,36,14,1,759,76,2692,802,708,929,296,10002,126,15,1520,72
"2020-04-29",58,24,11,0,731,76,2704,742,714,965,297,10067,82,11,1544,72
"2020-04-30",62,28,17,2,707,76,2723,717,727,1008,282,10146,90,19,1572,74
"2020-05-01",51,15,9,0,672,76,2732,661,729,1050,283,10199,66,9,1587,74
"2020-05-02",27,15,9,2,634,76,2743,572,738,1065,283,10236,42,11,1602,76
"2020-05-03",36,14,10,0,620,76,2754,554,743,1072,297,10277,50,10,1616,76
"2020-05-04",58,28,11,2,611,76,2766,601,749,1115,291,10350,86,13,1644,78
"2020-05-05",28,11,3,0,569,76,2769,531,754,1129,305,10385,39,3,1655,78
"2020-05-06",60,17,5,0,542,73,2775,544,760,1167,296,10450,77,5,1672,78
"2020-05-07",46,16,8,1,519,72,2785,515,768,1206,290,10501,62,9,1688,79
"2020-05-08",53,28,7,1,488,72,2793,512,772,1242,277,10576,81,8,1716,80
"2020-05-09",29,9,5,0,466,72,2798,459,777,1251,285,10609,38,5,1725,80
"2020-05-10",26,19,4,1,448,72,2803,448,778,1254,294,10648,45,5,1744,81
"2020-05-11",44,28,7,1,442,73,2811,484,785,1292,292,10714,72,8,1772,82
"2020-05-12",25,32,2,0,400,71,2813,458,788,1335,269,10767,57,2,1804,82
"2020-05-13",37,30,3,1,382,71,2817,440,793,1370,267,10828,67,4,1834,83
"2020-05-14",24,22,8,1,356,71,2826,407,797,1397,254,10865,46,9,1856,84
"2020-05-15",31,27,3,1,340,71,2831,392,804,1430,235,10917,58,4,1883,85
"2020-05-16",18,8,7,3,326,70,2841,345,806,1439,236,10938,26,10,1891,88
"2020-05-17",31,14,4,0,319,70,2846,359,807,1443,241,10975,45,4,1905,88
"2020-05-18",37,26,4,0,312,70,2850,403,807,1476,243,11032,63,4,1931,88
"2020-05-19",17,16,1,1,279,67,2852,379,809,1508,223,11063,33,2,1947,89
"2020-05-20",31,19,2,0,269,66,2855,366,814,1539,208,11107,50,2,1966,89
"2020-05-21",14,9,2,0,248,66,2857,322,818,1545,214,11125,23,2,1975,89
"2020-05-22",32,24,4,0,237,66,2862,355,821,1577,199,11175,56,4,1999,89
"2020-05-23",12,9,3,0,220,63,2865,308,822,1580,203,11193,21,3,2008,89
"2020-05-24",20,16,7,0,219,64,2872,302,823,1580,213,11219,36,7,2024,89
"2020-05-25",35,22,1,0,209,63,2873,336,824,1603,217,11271,57,1,2046,89
"2020-05-26",26,14,4,0,186,63,2877,327,828,1624,208,11307,40,4,2060,89
"2020-05-27",18,15,3,1,171,59,2881,298,829,1648,192,11335,33,4,2075,90
"2020-05-28",16,11,1,0,163,58,2882,274,831,1679,172,11357,27,1,2086,90
"2020-05-29",24,15,1,2,153,57,2885,274,834,1700,159,11390,39,3,2101,92
"2020-05-30",20,7,2,0,143,55,2887,253,834,1707,154,11415,27,2,2108,92
"2020-05-31",12,9,4,0,146,55,2891,247,834,1707,161,11435,21,4,2117,92
"2020-06-01",15,9,4,0,143,54,2895,253,837,1707,164,11454,24,4,2126,92
"2020-06-02",23,17,1,0,138,54,2896,271,837,1731,157,11490,40,1,2143,92
"2020-06-03",17,12,4,1,126,50,2901,262,842,1753,139,11511,29,5,2155,93
"2020-06-04",14,19,5,1,124,52,2907,248,845,1773,121,11536,33,6,2174,94
"2020-06-05",9,15,3,0,122,51,2910,232,845,1783,115,11556,24,3,2189,94
"2020-06-06",3,6,2,0,119,51,2912,191,846,1785,116,11564,9,2,2195,94
"2020-06-07",4,12,3,0,118,50,2915,188,846,1787,116,11578,16,3,2207,94
"2020-06-08",11,10,0,0,117,49,2916,190,846,1803,109,11598,21,0,2217,94
"2020-06-09",9,10,2,1,110,48,2919,168,847,1815,101,11615,19,3,2227,95
"2020-06-10",5,6,2,0,107,48,2921,148,848,1827,92,11624,11,2,2233,95
"2020-06-11",14,12,1,0,103,48,2922,155,848,1840,86,11646,26,1,2245,95
"2020-06-12",8,5,3,0,99,47,2925,149,849,1850,80,11658,13,3,2250,95
"2020-06-13",4,5,2,0,97,45,2927,127,850,1850,80,11665,9,2,2255,95
"2020-06-14",3,7,0,0,96,44,2927,126,852,1852,78,11675,10,0,2262,95
"2020-06-15",5,8,1,0,95,44,2928,132,853,1870,70,11687,13,1,2270,95
"2020-06-16",8,10,2,0,86,43,2930,133,856,1875,69,11704,18,2,2280,95
"2020-06-17",7,6,0,0,78,41,2930,125,857,1881,69,11715,13,0,2286,95
"2020-06-18",3,13,1,0,71,40,2931,124,858,1888,69,11730,16,1,2299,95
"2020-06-19",3,8,0,0,66,37,2932,119,859,1896,62,11740,11,0,2307,95
"2020-06-20",4,7,2,0,64,37,2934,102,860,1897,65,11748,11,2,2314,95
"2020-06-21",4,10,0,0,60,35,2934,104,861,1897,65,11761,14,0,2324,95
"2020-06-22",7,9,3,0,62,37,2937,109,862,1902,67,11776,16,3,2333,95
"2020-06-23",6,9,1,0,55,34,2938,108,863,1908,65,11786,15,1,2342,95
"2020-06-24",4,12,1,1,52,34,2940,105,864,1914,61,11801,16,2,2354,96
"2020-06-25",8,10,1,1,51,32,2942,112,864,1919,60,11818,18,2,2364,97
"2020-06-26",3,7,0,2,49,31,2944,107,865,1923,60,11825,10,2,2371,99
"2020-06-27",1,3,0,0,44,29,2944,85,866,1923,64,11829,4,0,2374,99
"2020-06-28",4,7,0,0,39,28,2944,89,866,1923,64,11840,11,0,2381,99
"2020-06-29",7,8,0,0,39,28,2944,100,866,1927,63,11853,15,0,2389,99
"2020-06-30",2,7,2,0,38,27,2946,85,866,1934,59,11860,9,2,2396,99
"2020-07-01",3,5,0,0,34,24,2946,80,866,1937,57,11868,8,0,2401,99
"2020-07-02",4,4,2,1,36,26,2949,74,867,1941,56,11873,8,3,2405,100
"2020-07-03",7,5,0,0,32,25,2949,75,867,1949,48,11883,12,0,2410,100
"2020-07-04",0,3,1,0,33,25,2950,64,867,1949,50,11885,3,1,2413,100
"2020-07-05",2,9,0,0,31,23,2950,69,867,1950,50,11894,11,0,2422,100
"2020-07-06",2,6,0,0,30,22,2950,74,868,1955,47,11902,8,0,2428,100
"2020-07-07",3,5,1,0,28,20,2951,75,869,1960,44,11909,8,1,2433,100
"2020-07-08",3,7,2,0,25,20,2953,75,869,1965,40,11918,10,2,2440,100
"2020-07-09",6,10,1,0,25,19,2954,80,869,1968,37,11931,16,1,2450,100
"2020-07-10",6,8,1,0,26,19,2955,90,869,1968,39,11943,14,1,2458,100
"2020-07-11",2,2,0,0,24,17,2955,79,869,1968,39,11946,4,0,2460,100
"2020-07-12",3,4,1,0,25,17,2956,79,870,1970,38,11950,7,1,2464,100
"2020-07-13",4,5,0,0,23,17,2956,86,871,1971,39,11959,9,0,2469,100
"2020-07-14",5,7,0,0,20,16,2956,84,871,1972,39,11970,12,0,2476,100
"2020-07-15",2,4,1,0,20,16,2957,75,871,1975,38,11975,6,1,2480,100
"2020-07-16",2,9,1,0,19,16,2958,72,871,1979,34,11985,11,1,2489,100
"2020-07-17",6,3,0,0,19,15,2958,70,871,1979,35,11993,9,0,2492,100
"2020-07-18",5,8,0,0,18,14,2958,73,871,1979,35,12006,13,0,2500,100
"2020-07-19",7,4,1,0,19,14,2959,79,871,1979,36,12017,11,1,2504,100
"2020-07-20",4,6,0,1,19,15,2960,84,871,1984,32,12026,10,1,2510,101
"2020-07-21",6,7,2,3,23,17,2963,84,871,1986,33,12037,13,5,2517,104
"2020-07-22",3,1,1,0,23,17,2964,71,872,1989,32,12040,4,1,2518,104
"2020-07-23",9,9,1,0,20,15,2965,78,872,1990,32,12056,18,1,2527,104
"2020-07-24",10,4,1,1,20,16,2967,78,872,1995,31,12069,14,2,2531,105
"2020-07-25",9,4,1,0,17,14,2968,78,872,1996,32,12081,13,1,2535,105
"2020-07-26",3,2,1,0,17,14,2970,79,872,1996,32,12084,5,1,2537,105
"2020-07-27",4,6,4,0,21,17,2974,86,872,1997,32,12093,10,4,2543,105
"2020-07-28",9,5,0,0,20,16,2974,90,872,1998,31,12107,14,0,2548,105
"2020-07-29",4,1,0,0,19,15,2974,83,873,1999,31,12111,5,0,2549,105
"2020-07-30",15,3,3,0,21,16,2977,87,873,2001,29,12128,18,3,2552,105
"2020-07-31",10,1,4,0,24,18,2981,88,875,2001,27,12137,11,4,2553,105
"2020-08-01",6,4,2,0,25,18,2983,88,875,2002,27,12146,10,2,2557,105
"2020-08-02",9,3,2,0,26,19,2985,94,875,2002,27,12157,12,2,2560,105
"2020-08-03",15,5,3,0,29,20,2988,107,875,2002,28,12176,20,3,2565,105
"2020-08-04",8,8,3,0,31,22,2991,107,877,2003,28,12190,16,3,2573,105
"2020-08-05",7,4,2,0,30,21,2993,103,877,2006,25,12200,11,2,2577,105
"2020-08-06",9,4,2,1,33,24,2996,101,878,2007,24,12209,13,3,2581,106
"2020-08-07",13,2,1,0,33,23,2997,106,878,2008,25,12224,15,1,2583,106
"2020-08-08",15,6,1,3,35,24,3001,114,878,2008,26,12245,21,4,2589,109
"2020-08-09",14,7,5,2,41,28,3008,125,880,2009,29,12262,21,7,2596,111
"2020-08-10",15,8,4,1,41,29,3013,139,880,2010,31,12285,23,5,2604,112
"2020-08-11",25,7,3,2,43,29,3017,157,881,2012,32,12315,32,5,2611,114
"2020-08-12",16,4,4,0,43,27,3021,162,882,2013,38,12332,20,4,2615,114
"2020-08-13",18,7,4,0,38,27,3025,161,882,2014,38,12354,25,4,2622,114
"2020-08-14",11,6,6,0,43,29,3031,158,882,2015,41,12367,17,6,2628,114
"2020-08-15",14,7,1,1,41,29,3033,155,883,2015,43,12387,21,2,2635,115
"2020-08-16",15,8,4,1,43,30,3038,164,885,2016,41,12408,23,5,2643,116
"2020-08-17",17,11,7,2,51,32,3047,181,887,2019,43,12433,28,9,2654,118
"2020-08-18",9,5,2,0,45,32,3049,175,887,2023,42,12445,14,2,2659,118
"2020-08-19",15,5,3,0,44,30,3052,174,887,2029,40,12460,20,3,2664,118
"2020-08-20",22,5,5,0,45,34,3057,184,888,2032,37,12485,27,5,2669,118
"2020-08-21",17,11,6,0,48,33,3063,178,889,2035,37,12509,28,6,2680,118
"2020-08-22",10,4,0,0,44,31,3063,154,889,2035,39,12523,14,0,2684,118
"2020-08-23",13,2,5,0,47,34,3068,156,889,2036,39,12535,15,5,2686,118
"2020-08-24",10,6,1,0,47,35,3070,160,890,2037,45,12549,16,1,2692,118
"2020-08-25",18,7,3,0,42,30,3073,169,890,2039,45,12571,25,3,2699,118
"2020-08-26",11,8,0,0,40,30,3073,159,890,2044,43,12590,19,0,2707,118
"2020-08-27",6,4,2,1,40,29,3075,143,890,2047,44,12599,10,3,2711,119
"2020-08-28",11,4,0,1,38,30,3077,146,891,2052,40,12612,15,1,2715,120
"2020-08-29",2,5,2,0,38,29,3080,128,891,2053,40,12618,7,2,2720,120
"2020-08-30",8,4,3,0,42,30,3083,127,892,2053,41,12630,12,3,2724,120
"2020-08-31",12,10,1,1,42,29,3085,143,894,2056,41,12651,22,2,2734,121
"2020-09-01",12,5,2,0,38,29,3087,145,895,2058,41,12666,17,2,2739,121
"2020-09-02",15,14,0,1,36,28,3088,155,895,2061,40,12694,29,1,2753,122
"2020-09-03",7,5,5,0,39,26,3093,142,895,2064,37,12703,12,5,2758,122
"2020-09-04",13,7,4,0,43,28,3097,146,896,2065,40,12722,20,4,2765,122
"2020-09-05",12,3,1,0,39,28,3098,137,896,2067,40,12737,15,1,2768,122
"2020-09-06",19,10,4,1,43,31,3103,157,896,2067,42,12761,29,5,2778,123
"2020-09-07",24,8,2,1,43,30,3106,176,896,2067,43,12790,32,3,2786,124
"2020-09-08",19,10,3,1,46,29,3111,192,897,2068,46,12817,29,4,2796,125
"2020-09-09",25,13,2,0,45,28,3114,209,898,2070,45,12854,38,2,2809,125
"2020-09-10",13,7,5,0,48,29,3119,203,899,2072,44,12870,20,5,2816,125
"2020-09-11",36,8,6,0,52,31,3125,216,899,2073,45,12907,44,6,2824,125
"2020-09-12",18,6,6,1,57,33,3132,215,899,2074,46,12929,24,7,2830,126
"2020-09-13",19,8,3,0,58,33,3135,226,899,2074,47,12954,27,3,2838,126
"2020-09-14",36,16,7,1,67,36,3145,263,900,2077,47,13004,52,8,2854,127
"2020-09-15",31,14,5,3,72,38,3154,281,901,2080,49,13046,45,8,2868,130
"2020-09-16",37,32,1,0,67,39,3155,317,902,2084,49,13113,69,1,2900,130
"2020-09-17",24,36,3,3,68,40,3161,341,902,2087,50,13172,60,6,2936,133
"2020-09-18",5,14,3,0,67,41,3164,329,902,2088,49,13189,19,3,2950,133
