"date","Hospital_Intake_Proven","Hospital_Intake_Suspected","IC_Intake_Proven","IC_Intake_Suspected","IC_Current","ICs_Used","IC_Cumulative","Hospital_Currently","IC_Deaths_Cumulative","IC_Discharge_Cumulative","IC_Discharge_InHospital","Hospital_Cumulative","Hospital_Intake","IC_Intake","Hosp_Intake_Suspec_Cumul","IC_Intake_Suspected_Cumul"
"2020-02-27",2,2,1,0,7,5,7,44,0,0,0,46,4,1,2,0
"2020-02-28",3,0,0,1,8,6,8,47,0,0,0,49,3,1,2,1
"2020-02-29",1,0,0,0,9,5,9,47,0,0,0,50,1,0,2,1
"2020-03-01",7,1,2,0,11,6,11,55,0,0,1,58,8,2,3,1
"2020-03-02",10,1,0,0,10,5,11,66,0,0,1,69,11,0,4,1
"2020-03-03",8,0,1,0,12,6,13,73,0,0,1,77,8,1,4,1
"2020-03-04",10,3,3,0,15,8,16,85,0,2,1,90,13,3,7,1
"2020-03-05",12,1,1,1,15,9,18,95,0,2,1,102,13,2,8,2
"2020-03-06",18,1,4,0,19,12,22,110,0,2,2,118,19,4,9,2
"2020-03-07",7,3,3,0,21,13,25,119,0,3,1,127,10,3,12,2
"2020-03-08",17,5,6,0,27,17,31,137,2,3,1,147,22,6,17,2
"2020-03-09",26,5,5,2,32,19,39,161,2,3,2,176,31,7,22,4
"2020-03-10",28,4,9,1,39,20,49,184,2,3,2,205,32,10,26,5
"2020-03-11",43,6,9,0,48,22,59,221,4,3,2,249,49,9,32,5
"2020-03-12",55,4,23,0,68,28,82,266,5,3,2,302,59,23,36,5
"2020-03-13",72,6,13,0,79,31,96,332,5,4,2,377,78,13,42,5
"2020-03-14",62,3,17,0,95,39,114,374,5,7,5,435,65,17,45,5
"2020-03-15",70,8,27,1,119,47,143,423,7,7,6,507,78,28,53,6
"2020-03-16",138,19,31,0,148,52,175,553,13,8,6,659,157,31,72,6
"2020-03-17",142,13,34,0,176,55,211,639,15,8,9,800,155,34,85,6
"2020-03-18",171,16,50,0,225,60,265,761,18,12,10,973,187,50,101,6
"2020-03-19",247,27,57,2,282,68,330,963,26,12,12,1234,274,59,128,8
"2020-03-20",236,27,82,1,357,70,417,1137,31,14,17,1481,263,83,155,9
"2020-03-21",198,13,72,3,425,70,499,1219,43,16,24,1666,211,75,168,12
"2020-03-22",235,19,70,1,475,69,571,1325,48,19,25,1895,254,71,187,13
"2020-03-23",440,24,97,3,568,71,673,1640,65,22,37,2323,464,100,211,16
"2020-03-24",419,26,106,1,647,73,784,1895,73,25,42,2734,445,107,237,17
"2020-03-25",432,25,114,2,747,74,903,2110,86,29,51,3148,457,116,262,19
"2020-03-26",431,34,104,4,833,74,1017,2304,104,39,53,3570,465,108,296,23
"2020-03-27",555,36,111,1,920,74,1135,2570,119,45,69,4110,591,112,332,24
"2020-03-28",293,27,100,2,987,73,1241,2507,137,49,85,4386,320,102,359,26
"2020-03-29",252,19,87,3,1035,74,1334,2460,162,60,96,4614,271,90,378,29
"2020-03-30",434,29,127,3,1124,74,1467,2605,181,69,115,5014,463,130,407,32
"2020-03-31",307,42,107,1,1188,74,1578,2536,215,87,123,5309,349,108,449,33
"2020-04-01",310,43,70,3,1203,75,1650,2445,240,105,132,5620,353,73,492,36
"2020-04-02",350,41,87,3,1245,75,1747,2426,262,119,145,5957,391,90,533,39
"2020-04-03",330,57,76,0,1273,74,1827,2431,294,140,154,6304,387,76,590,39
"2020-04-04",183,24,62,3,1276,74,1893,2217,313,153,172,6471,207,65,614,42
"2020-04-05",224,21,71,3,1299,75,1970,2164,336,162,193,6669,245,74,635,45
"2020-04-06",321,56,60,1,1307,75,2033,2285,354,186,206,7006,377,61,691,46
"2020-04-07",204,54,54,2,1308,75,2092,2151,384,208,237,7229,258,56,745,48
"2020-04-08",206,33,54,0,1276,75,2150,2017,401,233,248,7436,239,54,778,48
"2020-04-09",186,40,50,1,1273,75,2202,1843,413,261,253,7626,226,51,818,49
"2020-04-10",203,38,48,1,1280,75,2253,1754,441,290,260,7836,241,49,856,50
"2020-04-11",132,21,26,2,1245,75,2282,1565,456,310,281,7968,153,28,877,52
"2020-04-12",135,34,34,1,1226,75,2317,1507,471,328,309,8121,169,35,911,53
"2020-04-13",165,34,42,1,1209,75,2361,1500,491,343,334,8289,199,43,945,54
"2020-04-14",163,38,34,2,1187,76,2398,1520,501,394,327,8465,201,36,983,56
"2020-04-15",117,17,23,1,1163,76,2423,1429,518,450,323,8581,134,24,1000,57
"2020-04-16",114,23,28,3,1131,76,2454,1315,536,500,308,8697,137,31,1023,60
"2020-04-17",137,30,24,1,1100,76,2479,1274,554,547,308,8841,167,25,1053,61
"2020-04-18",78,16,19,0,1054,76,2498,1130,565,571,323,8916,94,19,1069,61
"2020-04-19",82,16,19,1,1024,76,2518,1103,584,577,345,8996,98,20,1085,62
"2020-04-20",109,25,25,1,1005,76,2545,1141,603,633,329,9104,134,26,1110,63
"2020-04-21",116,27,20,0,968,76,2567,1096,624,684,328,9221,143,20,1137,63
"2020-04-22",89,23,14,0,912,76,2582,1014,640,730,322,9320,112,14,1160,63
"2020-04-23",93,36,16,0,871,76,2598,970,653,776,301,9433,129,16,1196,63
"2020-04-24",78,27,16,1,853,75,2616,916,663,839,268,9523,105,17,1223,64
"2020-04-25",44,24,12,0,822,75,2629,792,677,856,273,9584,68,12,1247,64
"2020-04-26",43,27,13,0,798,75,2642,766,687,865,288,9643,70,13,1274,64
"2020-04-27",60,17,14,0,775,75,2656,751,698,874,305,9709,77,14,1291,64
"2020-04-28",90,30,14,1,754,76,2672,769,703,922,292,9809,120,15,1321,65
"2020-04-29",58,23,11,0,728,76,2685,713,709,957,294,9873,81,11,1344,65
"2020-04-30",62,25,17,2,704,76,2704,692,722,1000,279,9949,87,19,1369,67
"2020-05-01",51,11,9,0,669,76,2713,634,724,1041,281,10000,62,9,1380,67
"2020-05-02",27,14,9,2,631,76,2724,548,733,1056,281,10036,41,11,1394,69
"2020-05-03",36,10,10,0,617,76,2735,529,738,1063,295,10073,46,10,1404,69
"2020-05-04",58,25,11,2,608,76,2747,576,744,1105,290,10143,83,13,1429,71
"2020-05-05",28,9,3,0,566,76,2750,507,749,1119,304,10176,37,3,1438,71
"2020-05-06",60,17,5,0,539,72,2756,523,755,1157,295,10241,77,5,1455,71
"2020-05-07",46,14,8,1,516,71,2766,496,763,1196,289,10290,60,9,1469,72
"2020-05-08",53,27,7,1,485,71,2774,494,767,1232,276,10365,80,8,1496,73
"2020-05-09",29,7,5,0,463,71,2779,446,772,1241,284,10397,36,5,1503,73
"2020-05-10",25,17,4,1,445,71,2784,434,773,1244,293,10433,42,5,1520,74
"2020-05-11",44,23,7,1,439,72,2792,465,780,1282,290,10495,67,8,1543,75
"2020-05-12",25,31,2,0,398,71,2794,441,783,1324,268,10547,56,2,1574,75
"2020-05-13",37,30,3,1,380,71,2798,424,788,1359,266,10608,67,4,1604,76
"2020-05-14",24,19,8,1,355,71,2808,390,792,1386,253,10643,43,9,1623,77
"2020-05-15",31,23,3,1,339,71,2813,372,799,1419,234,10692,54,4,1646,78
"2020-05-16",18,7,7,1,323,69,2821,327,801,1428,234,10713,25,8,1653,79
"2020-05-17",30,12,4,0,317,69,2826,339,802,1432,238,10749,42,4,1665,79
"2020-05-18",37,24,4,0,311,69,2830,381,802,1463,241,10805,61,4,1689,79
"2020-05-19",17,13,1,1,279,67,2832,357,804,1495,221,10833,30,2,1702,80
"2020-05-20",31,17,2,0,269,66,2835,346,809,1526,206,10875,48,2,1719,80
"2020-05-21",14,7,2,0,248,66,2837,307,813,1532,212,10891,21,2,1726,80
"2020-05-22",32,21,4,0,237,66,2842,337,816,1564,197,10938,53,4,1747,80
"2020-05-23",12,8,3,0,220,63,2845,292,817,1567,201,10955,20,3,1755,80
"2020-05-24",20,16,6,0,218,62,2851,288,818,1567,211,10982,36,6,1771,80
"2020-05-25",35,21,1,0,208,61,2852,321,819,1590,215,11033,56,1,1792,80
"2020-05-26",26,13,4,0,185,61,2856,314,823,1611,206,11068,39,4,1805,80
"2020-05-27",18,13,3,1,170,57,2860,286,824,1634,191,11094,31,4,1818,81
"2020-05-28",16,10,1,0,162,56,2861,261,826,1665,171,11115,26,1,1828,81
"2020-05-29",24,14,1,2,152,55,2864,263,829,1686,158,11148,38,3,1842,83
"2020-05-30",20,5,2,0,142,53,2866,244,829,1693,153,11171,25,2,1847,83
"2020-05-31",12,8,4,0,145,53,2870,237,829,1693,160,11190,20,4,1855,83
"2020-06-01",15,7,4,0,142,52,2874,242,832,1693,163,11208,22,4,1862,83
"2020-06-02",23,17,1,0,137,52,2875,263,832,1717,155,11244,40,1,1879,83
"2020-06-03",17,11,4,0,125,50,2879,254,837,1738,138,11264,28,4,1890,83
"2020-06-04",14,19,5,1,123,52,2885,241,840,1758,120,11289,33,6,1909,84
"2020-06-05",9,12,3,0,121,51,2888,224,840,1768,113,11307,21,3,1921,84
"2020-06-06",3,6,2,0,119,51,2890,185,841,1770,114,11315,9,2,1927,84
"2020-06-07",4,12,3,0,118,50,2893,184,841,1772,114,11329,16,3,1939,84
"2020-06-08",11,7,0,0,117,49,2894,183,841,1788,107,11347,18,0,1946,84
"2020-06-09",9,10,2,0,109,48,2896,162,842,1800,99,11364,19,2,1956,84
"2020-06-10",5,6,2,0,106,48,2898,145,843,1811,91,11373,11,2,1962,84
"2020-06-11",14,11,1,0,102,48,2899,151,843,1823,85,11394,25,1,1973,84
"2020-06-12",8,4,3,0,99,47,2902,144,844,1833,79,11405,12,3,1977,84
"2020-06-13",4,5,2,0,97,45,2904,123,845,1833,79,11412,9,2,1982,84
"2020-06-14",3,5,0,0,96,44,2904,121,847,1835,77,11420,8,0,1987,84
"2020-06-15",5,5,1,0,95,44,2905,124,848,1852,70,11429,10,1,1992,84
"2020-06-16",8,9,2,0,86,43,2907,125,851,1857,69,11445,17,2,2001,84
"2020-06-17",7,6,0,0,78,41,2907,117,852,1863,69,11456,13,0,2007,84
"2020-06-18",3,12,1,0,71,40,2908,118,853,1870,69,11470,15,1,2019,84
"2020-06-19",3,8,0,0,66,37,2909,114,854,1878,62,11480,11,0,2027,84
"2020-06-20",4,5,2,0,64,37,2911,96,855,1879,65,11486,9,2,2032,84
"2020-06-21",4,10,0,0,60,35,2911,99,856,1879,65,11499,14,0,2042,84
"2020-06-22",7,8,3,0,62,37,2914,103,857,1884,67,11513,15,3,2050,84
"2020-06-23",6,9,1,0,55,34,2915,102,858,1890,65,11523,15,1,2059,84
"2020-06-24",4,12,1,1,52,34,2917,99,859,1896,61,11538,16,2,2071,85
"2020-06-25",8,8,1,1,51,32,2919,105,859,1901,60,11553,16,2,2079,86
"2020-06-26",3,6,0,0,47,30,2919,102,860,1905,60,11560,9,0,2085,86
"2020-06-27",1,2,0,0,42,28,2919,80,861,1905,63,11563,3,0,2087,86
"2020-06-28",4,7,0,0,38,27,2919,84,861,1905,63,11574,11,0,2094,86
"2020-06-29",7,8,0,0,38,27,2919,95,861,1909,62,11587,15,0,2102,86
"2020-06-30",2,6,2,0,37,26,2921,80,861,1916,58,11593,8,2,2108,86
"2020-07-01",3,5,0,0,33,23,2921,75,861,1919,56,11601,8,0,2113,86
"2020-07-02",4,3,2,1,35,26,2924,69,862,1923,54,11605,7,3,2116,87
"2020-07-03",7,5,0,0,32,25,2924,70,862,1931,46,11615,12,0,2121,87
"2020-07-04",0,3,1,0,33,25,2925,60,862,1931,48,11617,3,1,2124,87
"2020-07-05",2,8,0,0,31,23,2925,64,862,1932,48,11625,10,0,2132,87
"2020-07-06",2,5,0,0,30,22,2925,68,863,1937,45,11632,7,0,2137,87
"2020-07-07",3,5,1,0,28,20,2926,71,864,1940,44,11639,8,1,2142,87
"2020-07-08",3,7,2,0,25,20,2928,71,864,1945,40,11648,10,2,2149,87
"2020-07-09",6,7,1,0,25,19,2929,74,864,1948,37,11658,13,1,2156,87
"2020-07-10",6,6,1,0,26,19,2930,82,864,1948,39,11668,12,1,2162,87
"2020-07-11",2,2,0,0,24,17,2930,71,864,1948,39,11671,4,0,2164,87
"2020-07-12",3,4,1,0,25,17,2931,72,865,1950,38,11675,7,1,2168,87
"2020-07-13",4,5,0,0,23,17,2931,79,866,1951,39,11684,9,0,2173,87
"2020-07-14",5,7,0,0,20,16,2931,81,866,1952,39,11695,12,0,2180,87
"2020-07-15",2,4,1,0,20,16,2932,72,866,1955,38,11700,6,1,2184,87
"2020-07-16",2,8,1,0,19,16,2933,68,866,1959,34,11709,10,1,2192,87
"2020-07-17",6,3,0,0,19,15,2933,67,866,1959,35,11717,9,0,2195,87
"2020-07-18",5,8,0,0,18,14,2933,70,866,1959,35,11730,13,0,2203,87
"2020-07-19",7,3,1,0,19,14,2934,75,866,1959,36,11740,10,1,2206,87
"2020-07-20",4,6,0,0,18,14,2934,80,866,1964,32,11749,10,0,2212,87
"2020-07-21",6,7,2,3,22,16,2937,82,866,1966,33,11760,13,5,2219,90
"2020-07-22",3,1,1,0,22,16,2938,69,867,1969,31,11763,4,1,2220,90
"2020-07-23",9,8,1,0,20,15,2939,76,867,1970,31,11779,17,1,2228,90
"2020-07-24",10,0,1,1,20,16,2941,72,867,1974,31,11788,10,2,2228,91
"2020-07-25",9,4,1,0,17,14,2942,72,867,1975,32,11800,13,1,2232,91
"2020-07-26",3,2,1,0,17,14,2944,73,867,1975,32,11803,5,1,2234,91
"2020-07-27",4,6,4,0,21,17,2948,80,867,1976,32,11812,10,4,2240,91
"2020-07-28",9,3,0,0,20,16,2948,83,867,1977,31,11824,12,0,2243,91
"2020-07-29",4,1,0,0,19,15,2948,77,868,1978,31,11828,5,0,2244,91
"2020-07-30",15,3,3,0,21,16,2951,83,868,1980,29,11845,18,3,2247,91
"2020-07-31",10,1,4,0,24,18,2955,85,870,1980,27,11854,11,4,2248,91
"2020-08-01",6,4,2,0,25,18,2957,85,870,1981,27,11863,10,2,2252,91
"2020-08-02",9,2,2,0,26,19,2959,92,870,1981,27,11873,11,2,2254,91
"2020-08-03",15,4,3,0,29,20,2962,104,870,1981,28,11891,19,3,2258,91
"2020-08-04",8,5,3,0,31,22,2965,101,872,1982,28,11902,13,3,2263,91
"2020-08-05",7,3,2,0,30,21,2967,97,872,1985,25,11911,10,2,2266,91
"2020-08-06",10,2,2,0,32,23,2969,95,873,1986,24,11920,12,2,2268,91
"2020-08-07",13,2,1,0,32,22,2970,101,873,1987,24,11935,15,1,2270,91
"2020-08-08",15,3,1,0,32,23,2971,107,873,1987,25,11953,18,1,2273,91
"2020-08-09",14,6,5,1,37,27,2977,118,875,1988,28,11969,20,6,2279,92
"2020-08-10",15,5,4,0,36,28,2981,129,875,1989,28,11989,20,4,2284,92
"2020-08-11",25,7,3,1,39,28,2984,149,876,1990,30,12019,32,4,2291,93
"2020-08-12",16,2,4,0,39,26,2988,153,876,1991,35,12034,18,4,2293,93
"2020-08-13",18,7,4,0,36,26,2992,154,876,1991,36,12056,25,4,2300,93
"2020-08-14",11,5,6,0,41,28,2998,152,876,1992,38,12068,16,6,2305,93
"2020-08-15",15,4,1,0,39,28,2999,149,877,1992,40,12087,19,1,2309,93
"2020-08-16",15,6,4,0,40,29,3003,156,877,1993,39,12106,21,4,2315,93
"2020-08-17",17,10,7,2,49,32,3012,174,879,1995,41,12130,27,9,2325,95
"2020-08-18",9,4,2,0,44,32,3014,168,879,1998,41,12141,13,2,2329,95
"2020-08-19",16,2,3,0,43,30,3017,168,879,2003,40,12155,18,3,2331,95
"2020-08-20",22,3,5,0,44,33,3022,177,880,2006,36,12178,25,5,2334,95
"2020-08-21",17,10,6,0,48,33,3028,171,881,2009,36,12201,27,6,2344,95
"2020-08-22",10,4,0,0,44,31,3028,151,881,2009,38,12215,14,0,2348,95
"2020-08-23",13,1,5,0,47,34,3033,153,881,2010,38,12226,14,5,2349,95
"2020-08-24",10,5,1,0,47,35,3035,156,882,2011,44,12239,15,1,2354,95
"2020-08-25",18,5,3,0,42,30,3038,163,882,2012,45,12259,23,3,2359,95
"2020-08-26",11,6,0,0,40,30,3038,153,882,2017,43,12276,17,0,2365,95
"2020-08-27",6,3,2,1,40,29,3040,139,882,2020,44,12284,9,3,2368,96
"2020-08-28",11,3,0,0,37,29,3041,143,883,2025,40,12296,14,0,2371,96
"2020-08-29",2,2,2,0,37,28,3044,122,883,2026,39,12299,4,2,2373,96
"2020-08-30",8,2,3,0,42,30,3047,121,884,2026,40,12309,10,3,2375,96
"2020-08-31",12,9,1,0,41,29,3048,136,886,2029,40,12329,21,1,2384,96
"2020-09-01",13,5,2,0,37,29,3050,139,887,2032,39,12345,18,2,2389,96
"2020-09-02",15,11,0,0,34,28,3050,147,887,2034,39,12370,26,0,2400,96
"2020-09-03",7,5,4,0,36,26,3054,139,887,2037,36,12380,12,4,2405,96
"2020-09-04",13,7,4,0,40,28,3058,145,888,2038,38,12399,20,4,2412,96
"2020-09-05",14,3,1,0,37,28,3059,140,888,2039,38,12416,17,1,2415,96
"2020-09-06",21,8,4,0,41,30,3063,160,888,2039,39,12440,29,4,2423,96
"2020-09-07",25,7,2,0,41,29,3065,180,888,2039,41,12469,32,2,2430,96
"2020-09-08",20,9,3,0,42,27,3069,194,889,2039,45,12496,29,3,2439,96
"2020-09-09",27,11,2,0,41,26,3072,209,890,2041,44,12533,38,2,2450,96
"2020-09-10",15,7,5,0,44,27,3077,204,891,2043,42,12551,22,5,2457,96
"2020-09-11",41,6,6,0,49,29,3083,222,891,2044,43,12591,47,6,2463,96
"2020-09-12",19,4,6,0,53,30,3089,220,891,2045,44,12612,23,6,2467,96
"2020-09-13",20,7,3,0,54,30,3092,232,891,2045,44,12637,27,3,2474,96
"2020-09-14",42,8,7,1,63,33,3101,265,892,2048,44,12685,50,8,2482,97
"2020-09-15",35,5,5,3,68,35,3110,273,893,2051,46,12722,40,8,2487,100
"2020-09-16",40,17,1,0,63,36,3111,297,894,2052,48,12777,57,1,2504,100
"2020-09-17",46,21,4,1,64,37,3116,323,894,2057,47,12841,67,5,2525,101
"2020-09-18",53,10,6,0,66,38,3122,346,894,2059,47,12895,63,6,2535,101
"2020-09-19",43,12,12,1,77,43,3135,356,895,2061,46,12945,55,13,2547,102
"2020-09-20",38,11,12,1,89,46,3149,378,896,2061,49,12985,49,13,2558,103
"2020-09-21",50,33,10,1,99,50,3163,430,898,2064,46,13064,83,11,2591,104
"2020-09-22",26,42,9,1,107,53,3173,472,898,2064,49,13123,68,10,2633,105
"2020-09-23",5,14,4,1,108,53,3178,452,899,2065,49,13141,19,5,2647,106
