"date","Hospital_Intake_Proven","Hospital_Intake_Suspected","IC_Intake_Proven","IC_Intake_Suspected","IC_Current","ICs_Used","IC_Cumulative","Hospital_Currently","IC_Deaths_Cumulative","IC_Discharge_Cumulative","IC_Discharge_InHospital","Hospital_Intake","IC_Intake","Hosp_Intake_Suspec_Cumul","IC_Intake_Suspected_Cumul"
"2020-02-27",2,2,1,0,7,4,7,40,0,0,0,4,1,2,0
"2020-02-28",3,0,0,1,8,5,8,43,0,0,0,3,1,2,1
"2020-02-29",1,0,0,0,9,4,9,43,0,0,0,1,0,2,1
"2020-03-01",6,1,2,0,11,5,11,50,0,0,1,7,2,3,1
"2020-03-02",9,1,0,0,10,5,11,60,0,0,1,10,0,4,1
"2020-03-03",6,0,1,0,12,6,13,65,0,0,1,6,1,4,1
"2020-03-04",8,2,3,0,15,8,16,74,0,2,1,10,3,6,1
"2020-03-05",10,0,1,1,15,8,18,82,0,2,1,10,2,6,2
"2020-03-06",14,1,4,0,19,11,22,96,0,2,2,15,4,7,2
"2020-03-07",6,3,3,0,21,12,25,105,0,3,1,9,3,10,2
"2020-03-08",13,5,6,0,27,16,31,121,2,3,1,18,6,15,2
"2020-03-09",20,5,5,1,31,18,38,143,3,3,2,25,6,20,3
"2020-03-10",22,4,9,0,37,19,47,163,3,3,2,26,9,24,3
"2020-03-11",39,4,9,0,46,21,57,200,5,3,2,43,9,28,3
"2020-03-12",51,4,23,0,67,28,80,247,6,3,2,55,23,32,3
"2020-03-13",64,4,13,0,78,31,94,307,6,4,2,68,13,36,3
"2020-03-14",52,3,17,0,94,39,112,346,7,7,5,55,17,39,3
"2020-03-15",60,8,27,0,117,47,140,390,11,7,7,68,27,47,3
"2020-03-16",125,18,32,0,146,53,173,509,16,8,7,143,32,65,3
"2020-03-17",127,13,34,0,175,56,209,594,18,8,10,140,34,78,3
"2020-03-18",155,15,50,0,224,60,263,714,23,11,11,170,50,93,3
"2020-03-19",215,26,57,1,281,68,327,896,30,11,13,241,58,119,4
"2020-03-20",203,25,82,0,356,70,414,1046,35,13,19,228,82,144,4
"2020-03-21",184,12,72,3,424,70,495,1125,48,15,26,196,75,156,7
"2020-03-22",219,17,71,1,477,69,569,1226,53,18,27,236,72,173,8
"2020-03-23",395,24,98,1,569,71,669,1524,70,20,39,419,99,197,9
"2020-03-24",392,23,107,0,650,73,781,1755,77,23,44,415,107,220,9
"2020-03-25",420,23,114,1,750,74,900,1964,89,27,53,443,115,243,10
"2020-03-26",419,33,104,1,836,74,1012,2169,111,36,56,452,105,276,11
"2020-03-27",524,34,112,1,923,73,1130,2403,125,42,72,558,113,310,12
"2020-03-28",287,25,99,2,989,73,1235,2337,143,46,89,312,101,335,14
"2020-03-29",237,18,88,1,1037,74,1328,2297,169,57,100,255,89,353,15
"2020-03-30",397,25,127,3,1126,74,1461,2444,188,66,119,422,130,378,18
"2020-03-31",288,38,107,0,1189,74,1571,2400,220,82,127,326,107,416,18
"2020-04-01",280,41,71,1,1206,75,1645,2302,240,100,136,321,72,457,19
"2020-04-02",315,36,88,2,1251,75,1743,2296,263,114,149,351,90,493,21
"2020-04-03",293,52,76,0,1279,75,1822,2290,296,136,157,345,76,545,21
"2020-04-04",177,20,62,2,1281,74,1887,2105,315,149,175,197,64,565,23
"2020-04-05",204,21,72,1,1301,75,1962,2068,337,158,196,225,73,586,24
"2020-04-06",286,56,60,0,1310,75,2024,2173,355,180,210,342,60,642,24
"2020-04-07",191,51,55,0,1312,75,2082,2050,388,203,241,242,55,693,24
"2020-04-08",189,32,55,0,1281,75,2141,1926,404,227,254,221,55,725,24
"2020-04-09",170,35,50,0,1278,75,2192,1759,415,255,259,205,50,760,24
"2020-04-10",192,36,48,0,1283,75,2241,1683,444,283,265,228,48,796,24
"2020-04-11",130,21,26,2,1249,75,2270,1506,459,302,285,151,28,817,26
"2020-04-12",121,32,34,1,1231,75,2305,1447,472,318,314,153,35,849,27
"2020-04-13",147,32,44,0,1216,75,2351,1448,494,333,340,179,44,881,27
"2020-04-14",146,31,34,2,1190,76,2388,1463,504,383,333,177,36,912,29
"2020-04-15",106,13,22,1,1165,76,2412,1369,523,435,331,119,23,925,30
"2020-04-16",104,18,28,0,1132,76,2441,1260,540,483,318,122,28,943,30
"2020-04-17",135,25,25,0,1103,76,2467,1224,559,529,319,160,25,968,30
"2020-04-18",72,15,18,0,1056,76,2485,1085,573,551,336,87,18,983,30
"2020-04-19",75,11,19,0,1026,76,2505,1054,589,557,359,86,19,994,30
"2020-04-20",99,21,25,1,1006,76,2532,1095,608,613,344,120,26,1015,31
"2020-04-21",105,26,20,0,970,76,2554,1056,629,664,343,131,20,1041,31
"2020-04-22",81,22,14,0,914,77,2569,982,646,707,338,103,14,1063,31
"2020-04-23",88,34,16,0,873,77,2585,944,660,753,316,122,16,1097,31
"2020-04-24",76,26,17,1,856,76,2604,897,672,813,285,102,18,1123,32
"2020-04-25",38,25,13,0,827,76,2618,776,682,830,290,63,13,1148,32
"2020-04-26",38,25,13,0,804,76,2631,749,695,838,307,63,13,1173,32
"2020-04-27",55,17,14,0,780,76,2645,737,706,848,323,72,14,1190,32
"2020-04-28",83,24,14,1,759,76,2660,759,710,896,310,107,15,1214,33
"2020-04-29",55,21,11,0,731,76,2672,711,716,933,310,76,11,1235,33
"2020-04-30",57,24,18,0,706,76,2690,690,727,976,294,81,18,1259,33
"2020-05-01",50,11,9,0,672,76,2699,637,730,1017,296,61,9,1270,33
"2020-05-02",26,12,9,0,632,76,2708,554,740,1031,297,38,9,1282,33
"2020-05-03",35,10,10,0,619,76,2719,540,745,1038,309,45,10,1292,33
"2020-05-04",57,20,11,1,609,76,2731,586,751,1080,304,77,12,1312,34
"2020-05-05",28,8,3,0,568,76,2734,515,757,1092,319,36,3,1320,34
"2020-05-06",52,15,5,0,541,73,2740,527,762,1128,311,67,5,1335,34
"2020-05-07",44,14,8,1,520,72,2750,503,770,1165,306,58,9,1349,35
"2020-05-08",53,22,7,0,488,72,2757,499,774,1199,295,75,7,1371,35
"2020-05-09",29,7,5,0,466,72,2762,450,780,1208,303,36,5,1378,35
"2020-05-10",22,17,4,1,449,72,2767,440,782,1211,312,39,5,1395,36
"2020-05-11",41,20,7,1,443,73,2775,466,789,1248,311,61,8,1415,37
"2020-05-12",23,27,2,0,401,71,2777,441,792,1290,289,50,2,1442,37
"2020-05-13",34,26,3,1,383,71,2781,423,796,1322,286,60,4,1468,38
"2020-05-14",22,19,8,1,358,71,2790,397,799,1350,274,41,9,1487,39
"2020-05-15",31,23,3,0,341,71,2794,381,805,1385,253,54,3,1510,39
"2020-05-16",16,6,7,1,326,70,2803,332,806,1395,252,22,8,1516,40
"2020-05-17",28,12,4,0,321,70,2808,347,806,1399,256,40,4,1528,40
"2020-05-18",35,22,4,0,316,70,2812,388,807,1431,259,57,4,1550,40
"2020-05-19",15,11,1,1,283,67,2814,363,809,1463,240,26,2,1561,41
"2020-05-20",29,16,2,0,272,66,2817,354,814,1493,226,45,2,1577,41
"2020-05-21",14,7,2,0,251,66,2819,316,818,1499,232,21,2,1584,41
"2020-05-22",28,18,4,0,240,66,2824,341,821,1532,216,46,4,1602,41
"2020-05-23",12,7,3,0,223,63,2827,301,822,1535,219,19,3,1609,41
"2020-05-24",18,13,7,0,222,63,2834,299,824,1535,229,31,7,1622,41
"2020-05-25",33,22,1,0,212,62,2835,332,825,1559,231,55,1,1644,41
"2020-05-26",25,12,4,0,189,62,2839,326,827,1578,224,37,4,1656,41
"2020-05-27",18,13,3,1,174,58,2843,303,828,1602,209,31,4,1669,42
"2020-05-28",14,11,1,0,166,57,2844,279,830,1633,189,25,1,1680,42
"2020-05-29",23,13,1,2,156,56,2847,279,833,1652,178,36,3,1693,44
"2020-05-30",20,5,2,0,146,54,2849,261,834,1659,173,25,2,1698,44
"2020-05-31",7,7,3,0,147,54,2852,252,834,1659,180,14,3,1705,44
"2020-06-01",12,7,4,0,144,53,2856,258,836,1659,182,19,4,1712,44
"2020-06-02",18,16,1,0,140,53,2857,278,836,1684,174,34,1,1728,44
"2020-06-03",16,9,4,0,127,50,2861,270,840,1704,159,25,4,1737,44
"2020-06-04",13,18,5,0,124,52,2866,262,842,1723,142,31,5,1755,44
"2020-06-05",9,9,3,0,122,51,2869,246,842,1734,133,18,3,1764,44
"2020-06-06",3,6,2,0,121,51,2871,213,844,1736,134,9,2,1770,44
"2020-06-07",3,9,3,0,120,50,2874,212,844,1738,134,12,3,1779,44
"2020-06-08",9,7,0,0,119,49,2875,216,844,1754,126,16,0,1786,44
"2020-06-09",9,9,2,0,111,48,2877,199,844,1764,120,18,2,1795,44
"2020-06-10",5,6,2,0,108,48,2879,182,845,1777,111,11,2,1801,44
"2020-06-11",14,11,1,0,104,48,2880,187,846,1789,105,25,1,1812,44
"2020-06-12",7,4,3,0,101,47,2883,179,847,1797,100,11,3,1816,44
"2020-06-13",4,4,2,0,99,45,2885,157,848,1797,100,8,2,1820,44
"2020-06-14",2,5,0,0,98,44,2885,154,850,1799,98,7,0,1825,44
"2020-06-15",5,5,1,0,97,44,2886,158,851,1817,90,10,1,1830,44
"2020-06-16",7,5,2,0,89,44,2888,155,853,1823,88,12,2,1835,44
"2020-06-17",6,6,0,0,82,42,2888,146,854,1829,88,12,0,1841,44
"2020-06-18",2,11,1,0,75,41,2889,148,855,1836,87,13,1,1852,44
"2020-06-19",3,8,0,0,69,38,2890,144,856,1845,80,11,0,1860,44
"2020-06-20",4,5,2,0,67,38,2892,129,857,1845,83,9,2,1865,44
"2020-06-21",4,9,0,0,63,36,2892,132,858,1845,83,13,0,1874,44
"2020-06-22",7,7,3,0,65,38,2895,139,859,1850,85,14,3,1881,44
"2020-06-23",6,9,1,0,58,35,2896,139,860,1856,82,15,1,1890,44
"2020-06-24",3,10,1,1,55,34,2898,135,861,1863,77,13,2,1900,45
"2020-06-25",8,8,1,0,53,33,2899,140,861,1869,76,16,1,1908,45
"2020-06-26",3,5,0,0,48,31,2899,139,862,1873,76,8,0,1913,45
"2020-06-27",0,1,0,0,44,29,2899,115,863,1873,79,1,0,1914,45
"2020-06-28",4,8,0,0,40,28,2899,121,863,1873,79,12,0,1922,45
"2020-06-29",8,7,0,0,40,28,2899,134,863,1876,79,15,0,1929,45
"2020-06-30",2,4,2,0,39,27,2901,120,863,1883,75,6,2,1933,45
"2020-07-01",3,3,0,0,35,25,2901,112,863,1886,73,6,0,1936,45
"2020-07-02",4,3,1,1,36,26,2903,107,864,1890,71,7,2,1939,46
"2020-07-03",4,5,0,0,33,25,2903,106,864,1898,63,9,0,1944,46
"2020-07-04",0,2,1,0,34,25,2904,97,864,1898,64,2,1,1946,46
"2020-07-05",1,4,0,0,33,24,2904,98,864,1899,64,5,0,1950,46
"2020-07-06",2,5,0,0,32,23,2904,106,865,1904,61,7,0,1955,46
"2020-07-07",3,5,1,0,30,22,2905,108,866,1907,60,8,1,1960,46
"2020-07-08",3,7,2,0,27,22,2907,109,866,1910,58,10,2,1967,46
"2020-07-09",3,7,1,0,27,21,2908,110,866,1913,55,10,1,1974,46
"2020-07-10",5,6,2,0,29,21,2910,117,867,1913,56,11,2,1980,46
"2020-07-11",2,1,0,0,26,19,2910,104,867,1913,56,3,0,1981,46
"2020-07-12",3,3,1,0,27,19,2911,106,868,1915,55,6,1,1984,46
"2020-07-13",4,5,0,0,26,20,2911,116,869,1916,56,9,0,1989,46
"2020-07-14",5,5,0,0,23,20,2911,118,869,1917,56,10,0,1994,46
"2020-07-15",1,4,1,0,23,19,2912,108,869,1921,54,5,1,1998,46
"2020-07-16",2,8,1,0,22,19,2913,108,869,1925,50,10,1,2006,46
"2020-07-17",5,3,0,0,24,18,2913,108,869,1925,51,8,0,2009,46
"2020-07-18",4,7,0,0,23,17,2913,110,869,1925,51,11,0,2016,46
"2020-07-19",4,3,1,0,25,17,2914,115,869,1925,52,7,1,2019,46
"2020-07-20",3,6,0,0,24,17,2914,122,869,1930,48,9,0,2025,46
"2020-07-21",8,5,2,1,26,17,2917,123,869,1932,49,13,3,2030,47
"2020-07-22",3,1,1,0,24,17,2918,112,870,1935,47,4,1,2031,47
"2020-07-23",8,8,1,0,23,17,2919,120,870,1937,47,16,1,2039,47
"2020-07-24",9,1,1,1,23,17,2921,114,870,1940,48,10,2,2040,48
"2020-07-25",8,4,1,0,20,15,2922,113,871,1941,49,12,1,2044,48
"2020-07-26",3,2,1,0,20,14,2924,115,871,1941,49,5,1,2046,48
"2020-07-27",5,6,4,0,24,17,2928,122,872,1943,48,11,4,2052,48
"2020-07-28",9,3,0,0,23,17,2928,123,873,1945,47,12,0,2055,48
"2020-07-29",4,1,0,0,22,16,2928,116,874,1946,47,5,0,2056,48
"2020-07-30",11,3,3,0,25,17,2931,119,874,1949,45,14,3,2059,48
"2020-07-31",10,1,4,0,28,19,2935,123,875,1949,43,11,4,2060,48
"2020-08-01",7,4,2,0,28,19,2937,125,875,1950,43,11,2,2064,48
"2020-08-02",9,1,2,0,29,20,2939,134,875,1950,43,10,2,2065,48
"2020-08-03",11,4,4,0,33,22,2943,144,875,1950,44,15,4,2069,48
"2020-08-04",8,5,3,0,35,24,2946,143,876,1951,44,13,3,2074,48
"2020-08-05",7,3,2,0,34,23,2948,138,876,1954,41,10,2,2077,48
"2020-08-06",9,2,2,0,36,25,2950,135,876,1955,40,11,2,2079,48
"2020-08-07",12,2,1,0,36,24,2951,141,876,1956,39,14,1,2081,48
"2020-08-08",14,3,1,0,36,25,2952,143,876,1956,40,17,1,2084,48
"2020-08-09",14,5,5,1,41,28,2958,157,878,1957,43,19,6,2089,49
"2020-08-10",12,5,4,0,40,29,2963,167,878,1958,43,17,4,2094,49
"2020-08-11",23,5,3,0,43,29,2967,183,879,1959,45,28,3,2099,49
"2020-08-12",16,1,4,0,43,27,2971,189,879,1960,50,17,4,2100,49
"2020-08-13",17,7,4,0,41,28,2975,191,879,1961,50,24,4,2107,49
"2020-08-14",12,4,7,0,46,29,2982,192,880,1962,53,16,7,2111,49
"2020-08-15",14,5,1,1,44,29,2984,189,881,1962,56,19,2,2116,50
"2020-08-16",14,5,5,1,47,31,2990,197,882,1963,55,19,6,2121,51
"2020-08-17",14,11,6,2,54,32,2998,216,884,1967,56,25,8,2132,53
"2020-08-18",10,5,2,0,48,33,3000,211,884,1970,56,15,2,2137,53
"2020-08-19",12,1,3,0,47,31,3003,207,884,1975,54,13,3,2138,53
"2020-08-20",19,3,5,0,49,35,3008,215,884,1978,50,22,5,2141,53
"2020-08-21",15,10,6,0,53,35,3014,210,885,1982,49,25,6,2151,53
"2020-08-22",10,3,0,0,49,33,3014,189,885,1982,51,13,0,2154,53
"2020-08-23",13,1,5,0,52,36,3019,193,885,1983,51,14,5,2155,53
"2020-08-24",10,5,1,0,52,37,3021,201,886,1985,56,15,1,2160,53
"2020-08-25",16,5,3,0,47,32,3024,207,886,1986,57,21,3,2165,53
"2020-08-26",8,6,0,0,45,32,3024,192,886,1992,54,14,0,2171,53
"2020-08-27",6,0,2,0,44,31,3026,177,886,1995,55,6,2,2171,53
"2020-08-28",10,2,0,0,41,31,3027,181,887,2001,50,12,0,2173,53
"2020-08-29",3,3,2,0,42,31,3030,165,887,2002,49,6,2,2176,53
"2020-08-30",7,2,3,0,47,33,3033,163,888,2002,50,9,3,2178,53
"2020-08-31",11,7,1,1,47,32,3035,177,890,2005,50,18,2,2185,54
"2020-09-01",12,5,2,0,43,32,3037,178,891,2007,50,17,2,2190,54
"2020-09-02",15,12,0,1,41,30,3038,188,891,2009,50,27,1,2202,55
"2020-09-03",9,5,5,0,44,28,3043,182,891,2012,47,14,5,2207,55
"2020-09-04",12,8,4,0,49,30,3047,189,892,2013,50,20,4,2215,55
"2020-09-05",10,3,1,0,45,30,3048,183,892,2015,50,13,1,2218,55
"2020-09-06",17,9,4,0,47,32,3052,204,892,2016,52,26,4,2227,55
"2020-09-07",16,9,2,0,46,31,3054,222,892,2016,53,25,2,2236,55
"2020-09-08",17,13,3,0,48,30,3058,240,893,2019,55,30,3,2249,55
"2020-09-09",19,17,2,1,47,28,3062,255,894,2022,53,36,3,2266,56
"2020-09-10",7,16,4,0,49,29,3066,255,895,2024,51,23,4,2282,56
"2020-09-11",13,21,4,0,52,29,3070,274,895,2025,51,34,4,2303,56
"2020-09-12",4,16,1,0,51,29,3071,282,895,2025,52,20,1,2319,56
"2020-09-13",0,5,0,1,51,29,3072,283,895,2025,52,5,1,2324,57
