"Week","Year","Totaal_Overleden","Overleden0_65","Overleden65_80","Overleden80+","Oversterfte_Totaal","Oversterfte0_65","Oversterfte65_80","Oversterfte80+","Oversterfte_Totaal_Gecorrigeerd","covid_sterfgevallen","DLModel_lowerbound95","DLModel_week_estimate","DLModel_upperbound95","Oversterfte_DLModel_cumul_low","Oversterfte_DLModel_cumul_mid","Oversterfte_DLModel_cumul_high","excess_mortality_rivm","Mortality_without_covid_CBS","Covid_deaths_CBS_death_statistics"
11,2020,3231,410,967,1898,-30,-35,-38,-105,-178,36,45,64,81,45,64,81,NA,"3184","35"
12,2020,3629,450,1099,2128,493,13,139,206,358,295,390,520,637,435,584,718,NA,"3203","412"
13,2020,4476,502,1428,2607,1365,81,451,708,1240,797,1150,1414,1676,1585,1998,2394,NA,"3208","1251"
14,2020,5105,499,1531,3145,2128,77,597,1350,2024,1185,1817,2094,2398,3401,4091,4792,NA,"3166","1919"
15,2020,5000,483,1463,3124,2090,74,531,1383,1988,1040,1769,1961,2152,5170,6052,6945,NA,"3010","1971"
16,2020,4324,426,1256,2701,1429,11,322,986,1319,886,1288,1483,1639,6458,7535,8583,NA,"2843","1464"
17,2020,3922,454,1176,2345,1065,53,278,619,950,705,966,1165,1291,7424,8700,9874,NA,"2815","1092"
18,2020,3392,444,1018,1975,600,49,112,319,480,427,594,703,735,8019,9403,10610,NA,"2713","666"
19,2020,2998,390,931,1716,152,-10,32,1,23,295,375,466,539,8394,9869,11149,NA,"2552","434"
20,2020,2788,374,851,1600,2,-5,-47,-75,-127,175,201,274,325,8595,10143,11474,NA,"2495","282"
21,2020,2782,369,820,1629,1,-35,-45,-44,-124,120,148,189,221,8742,10332,11694,NA,"2554","217"
22,2020,2740,369,874,1532,-32,-34,-37,-86,-157,91,115,144,180,8858,10476,11875,NA,"2580","149"
23,2020,2692,385,852,1491,-12,-20,-4,-110,-134,56,72,89,120,8930,10564,11995,NA,"2576","106"
24,2020,2702,407,852,1478,13,17,-33,-95,-111,35,38,55,74,8968,10620,12069,NA,"2626","66"
25,2020,2705,375,872,1494,31,-15,-12,-62,-89,25,27,40,34,8995,10660,12103,NA,"2646","49"
26,2020,2671,382,844,1480,-49,-28,-38,-105,-171,12,12,19,22,9008,10679,12124,NA,"2627","34"
27,2020,2649,403,824,1456,-151,-11,-83,-188,-282,12,13,19,16,9021,10698,12141,NA,"2607","32"
28,2020,2629,389,828,1446,-64,-12,-24,-149,-185,6,6,10,13,9027,10708,12154,NA,"2594","25"
29,2020,2538,372,790,1409,-180,-45,-104,-155,-304,7,7,11,16,9035,10719,12170,NA,"2520","8"
30,2020,2683,408,836,1473,-64,-2,-54,-129,-185,7,6,11,14,9040,10731,12184,NA,"2655","18"
31,2020,2678,376,858,1479,22,-22,-28,-46,-96,9,9,15,20,9049,10745,12204,NA,"2646","22"
32,2020,2650,419,835,1429,-36,9,-54,-112,-157,5,5,8,11,9055,10754,12216,NA,"2612","28"
33,2020,3221,463,945,1855,592,67,84,331,482,26,29,43,49,9084,10797,12264,NA,"3157","52"
34,2020,2866,416,878,1609,208,31,-3,61,89,27,29,45,49,9112,10841,12313,0,"2807","48"
35,2020,2744,352,880,1548,84,-59,-11,38,-32,23,24,38,51,9136,10879,12365,0,"2702","31"
36,2020,2700,414,844,1477,76,14,-28,-28,-42,18,24,30,41,9161,10909,12406,0,"2663","27"
37,2020,2750,394,912,1479,47,-17,5,-63,-75,20,38,33,42,9199,10942,12447,0,"2710","29"
38,2020,2730,394,860,1512,44,-19,-41,-15,-75,37,50,61,68,9249,11002,12515,37.5,"2654","66"
39,2020,2903,394,897,1651,149,-27,-10,66,29,91,99,149,173,9348,11151,12688,51.5,"2753","139"
40,2020,3009,434,930,1683,229,1,21,85,107,128,211,209,220,9559,11361,12908,140.5,"2804","194"
41,2020,3032,378,1009,1685,156,-57,47,41,31,172,236,277,324,9795,11638,13232,257.5,"2753","267"
42,2020,3232,432,1003,1839,414,26,77,189,292,268,346,430,487,10141,12068,13719,262.5,"2788","432"
43,2020,3462,426,1099,1983,599,-2,152,329,479,369,566,593,641,10707,12661,14360,534.5,"2810","639"
44,2020,3693,407,1187,2150,839,-4,258,469,723,513,702,804,980,11409,13466,15340,658.5,"2834","845"
45,2020,3603,434,1131,2086,696,-10,198,389,577,556,658,822,951,12068,14287,16291,782.5,"2704","885"
46,2020,3589,433,1079,2125,677,1,129,427,557,458,573,687,945,12641,14974,17236,660.5,"2811","764"
47,2020,3342,413,1103,1870,373,1,117,126,244,368,466,527,573,13107,15501,17809,NA,"2675","654"
48,2020,3414,432,1102,1925,447,1,125,194,320,358,394,507,713,13500,16008,18522,373,"2762","639"
49,2020,3533,443,1127,2010,502,-1,145,230,374,319,363,457,515,13863,16465,19037,458,NA,NA
50,2020,3620,460,1123,2085,476,7,67,267,341,398,509,559,619,14372,17024,19656,465,NA,NA
51,2020,3911,472,1202,2289,777,44,177,424,645,527,644,743,821,15016,17767,20477,NA,NA,NA
52,2020,3864,429,1160,2327,885,13,202,549,764,625,702,822,958,15719,18589,21435,NA,NA,NA
53,2020,NA,NA,NA,NA,NA,NA,NA,NA,NA,NA,760,950,1140,16479,19539,22575,764,NA,NA
1,2021,NA,NA,NA,NA,NA,NA,NA,NA,NA,NA,636,905,1172,17115,20444,23748,NA,NA,NA
2,2021,3843,410,1108,2325,447,-25,123,197,295,550,482,716,962,17597,21160,24710,968,NA,NA
3,2021,3849,421,1082,2346,550,-1,100,301,400,530,460,683,862,18056,21843,25572,732,NA,NA
4,2021,3706,400,1101,2205,375,-17,112,127,222,417,367,528,709,18423,22371,26281,637,NA,NA
5,2021,3647,377,1099,2171,315,-70,79,156,165,404,323,494,673,18746,22865,26954,613,NA,NA
6,2021,3543,409,1096,2038,213,-23,78,10,65,391,267,459,595,19013,23323,27549,587,NA,NA
7,2021,3514,473,1035,2006,147,40,34,-77,-3,402,339,457,649,19352,23780,28199,441,NA,NA
8,2021,3195,401,978,1816,-165,-21,-27,-271,-319,277,205,295,444,19557,24075,28642,354,NA,NA
9,2021,3083,407,961,1715,-260,-27,-32,-352,-411,228,128,235,419,19685,24310,29061,76,NA,NA
10,2021,3211,400,979,1832,-160,-33,-29,-249,-311,166,79,175,232,19764,24485,29294,138,NA,NA
11,2021,3084,422,967,1695,-186,-16,-25,-288,-329,157,79,162,247,19843,24647,29540,95.5,NA,NA
