"date","Overleden","Ontslagen","Overleden_pdag","Ontslagen_pdag"
"2020-02-27",0,2,0,0
"2020-02-28",0,3,0,1
"2020-02-29",0,3,0,0
"2020-03-01",0,3,0,0
"2020-03-02",0,4,0,1
"2020-03-03",0,5,0,1
"2020-03-04",0,7,0,2
"2020-03-05",0,8,0,1
"2020-03-06",0,8,0,0
"2020-03-07",1,9,1,1
"2020-03-08",2,13,1,4
"2020-03-09",2,19,0,6
"2020-03-10",2,26,0,7
"2020-03-11",4,32,2,6
"2020-03-12",6,39,2,7
"2020-03-13",11,50,5,11
"2020-03-14",20,63,9,13
"2020-03-15",28,78,8,15
"2020-03-16",37,122,9,44
"2020-03-17",52,160,15,38
"2020-03-18",66,206,14,46
"2020-03-19",83,261,17,55
"2020-03-20",109,339,26,78
"2020-03-21",142,429,33,90
"2020-03-22",177,508,35,79
"2020-03-23",227,616,50,108
"2020-03-24",265,778,38,162
"2020-03-25",321,949,56,171
"2020-03-26",386,1165,65,216
"2020-03-27",439,1448,53,283
"2020-03-28",521,1650,82,202
"2020-03-29",582,1853,61,203
"2020-03-30",642,2148,60,295
"2020-03-31",723,2475,81,327
"2020-04-01",784,2767,61,292
"2020-04-02",842,3055,58,288
"2020-04-03",893,3375,51,320
"2020-04-04",953,3569,60,194
"2020-04-05",999,3759,46,190
"2020-04-06",1057,4057,58,298
"2020-04-07",1115,4337,58,280
"2020-04-08",1150,4664,35,327
"2020-04-09",1190,4923,40,259
"2020-04-10",1237,5194,47,271
"2020-04-11",1289,5348,52,154
"2020-04-12",1313,5501,24,153
"2020-04-13",1346,5626,33,125
"2020-04-14",1382,5799,36,173
"2020-04-15",1412,5991,30,192
"2020-04-16",1444,6152,32,161
"2020-04-17",1480,6334,36,182
"2020-04-18",1498,6427,18,93
"2020-04-19",1512,6490,14,63
"2020-04-20",1536,6632,24,142
"2020-04-21",1557,6782,21,150
"2020-04-22",1583,6907,26,125
"2020-04-23",1604,7033,21,126
"2020-04-24",1626,7189,22,156
"2020-04-25",1644,7258,18,69
"2020-04-26",1660,7327,16,69
"2020-04-27",1673,7402,13,75
"2020-04-28",1698,7499,25,97
"2020-04-29",1708,7579,10,80
"2020-04-30",1722,7674,14,95
"2020-05-01",1733,7775,11,101
"2020-05-02",1744,7822,11,47
"2020-05-03",1756,7840,12,18
"2020-05-04",1765,7925,9,85
"2020-05-05",1775,7965,10,40
"2020-05-06",1782,8029,7,64
"2020-05-07",1790,8097,8,68
"2020-05-08",1801,8164,11,67
"2020-05-09",1809,8206,8,42
"2020-05-10",1817,8232,8,26
"2020-05-11",1825,8297,8,65
"2020-05-12",1831,8361,6,64
"2020-05-13",1839,8423,8,62
"2020-05-14",1847,8483,8,60
"2020-05-15",1855,8538,8,55
"2020-05-16",1861,8559,6,21
"2020-05-17",1866,8571,5,12
"2020-05-18",1871,8612,5,41
"2020-05-19",1875,8660,4,48
"2020-05-20",1877,8712,2,52
"2020-05-21",1878,8730,1,18
"2020-05-22",1883,8786,5,56
"2020-05-23",1886,8816,3,30
"2020-05-24",1889,8833,3,17
"2020-05-25",1894,8866,5,33
"2020-05-26",1903,8912,9,46
"2020-05-27",1912,8950,9,38
"2020-05-28",1914,8978,2,28
"2020-05-29",1917,9015,3,37
"2020-05-30",1923,9034,6,19
"2020-05-31",1927,9044,4,10
"2020-06-01",1933,9056,6,12
"2020-06-02",1940,9078,7,22
"2020-06-03",1942,9113,2,35
"2020-06-04",1947,9145,5,32
"2020-06-05",1951,9182,4,37
"2020-06-06",1953,9195,2,13
"2020-06-07",1958,9207,5,12
"2020-06-08",1964,9237,6,30
"2020-06-09",1968,9259,4,22
"2020-06-10",1969,9275,1,16
"2020-06-11",1971,9286,2,11
"2020-06-12",1973,9310,2,24
"2020-06-13",1975,9317,2,7
"2020-06-14",1975,9324,0,7
"2020-06-15",1976,9336,1,12
"2020-06-16",1978,9352,2,16
"2020-06-17",1978,9366,0,14
"2020-06-18",1979,9380,1,14
"2020-06-19",1980,9403,1,23
"2020-06-20",1980,9413,0,10
"2020-06-21",1981,9421,1,8
"2020-06-22",1981,9434,0,13
"2020-06-23",1981,9452,0,18
"2020-06-24",1982,9458,1,6
"2020-06-25",1984,9467,2,9
"2020-06-26",1986,9486,2,19
"2020-06-27",1987,9492,1,6
"2020-06-28",1988,9496,1,4
"2020-06-29",1990,9516,2,20
"2020-06-30",1990,9529,0,13
"2020-07-01",1993,9537,3,8
"2020-07-02",1994,9543,1,6
"2020-07-03",1994,9555,0,12
"2020-07-04",1995,9559,1,4
"2020-07-05",1995,9562,0,3
"2020-07-06",1995,9565,0,3
"2020-07-07",1995,9573,0,8
"2020-07-08",1997,9579,2,6
"2020-07-09",1997,9582,0,3
"2020-07-10",1997,9594,0,12
"2020-07-11",2000,9596,3,2
"2020-07-12",2000,9598,0,2
"2020-07-13",2001,9605,1,7
"2020-07-14",2002,9616,1,11
"2020-07-15",2005,9625,3,9
"2020-07-16",2006,9633,1,8
"2020-07-17",2006,9642,0,9
"2020-07-18",2006,9647,0,5
"2020-07-19",2007,9651,1,4
"2020-07-20",2009,9660,2,9
"2020-07-21",2009,9675,0,15
"2020-07-22",2009,9683,0,8
"2020-07-23",2009,9693,0,10
"2020-07-24",2010,9704,1,11
"2020-07-25",2010,9706,0,2
"2020-07-26",2010,9708,0,2
"2020-07-27",2011,9716,1,8
"2020-07-28",2012,9728,1,12
"2020-07-29",2012,9740,0,12
"2020-07-30",2012,9749,0,9
"2020-07-31",2012,9756,0,7
"2020-08-01",2012,9760,0,4
"2020-08-02",2012,9767,0,7
"2020-08-03",2013,9780,1,13
"2020-08-04",2014,9794,1,14
"2020-08-05",2014,9806,0,12
"2020-08-06",2014,9814,0,8
"2020-08-07",2015,9826,1,12
"2020-08-08",2015,9834,0,8
"2020-08-09",2018,9840,3,6
"2020-08-10",2019,9849,1,9
"2020-08-11",2019,9861,0,12
"2020-08-12",2020,9881,1,20
"2020-08-13",2021,9895,1,14
"2020-08-14",2023,9914,2,19
"2020-08-15",2025,9923,2,9
"2020-08-16",2026,9930,1,7
"2020-08-17",2026,9949,0,19
"2020-08-18",2026,9963,0,14
"2020-08-19",2028,9975,2,12
"2020-08-20",2033,10000,5,25
"2020-08-21",2034,10031,1,31
"2020-08-22",2036,10042,2,11
"2020-08-23",2037,10051,1,9
"2020-08-24",2038,10065,1,14
"2020-08-25",2041,10089,3,24
"2020-08-26",2044,10108,3,19
"2020-08-27",2044,10119,0,11
"2020-08-28",2047,10137,3,18
"2020-08-29",2048,10146,1,9
"2020-08-30",2049,10150,1,4
"2020-08-31",2050,10164,1,14
"2020-09-01",2050,10182,0,18
"2020-09-02",2051,10201,1,19
"2020-09-03",2052,10213,1,12
"2020-09-04",2052,10232,0,19
"2020-09-05",2052,10240,0,8
"2020-09-06",2055,10249,3,9
"2020-09-07",2055,10261,0,12
"2020-09-08",2056,10283,1,22
"2020-09-09",2057,10306,1,23
"2020-09-10",2060,10326,3,20
"2020-09-11",2060,10344,0,18
"2020-09-12",2061,10359,1,15
"2020-09-13",2061,10377,0,18
"2020-09-14",2065,10403,4,26
"2020-09-15",2066,10432,1,29
"2020-09-16",2068,10472,2,40
"2020-09-17",2072,10507,4,35
"2020-09-18",2072,10548,0,41
"2020-09-19",2074,10573,2,25
"2020-09-20",2078,10597,4,24
"2020-09-21",2083,10634,5,37
"2020-09-22",2088,10681,5,47
"2020-09-23",2091,10736,3,55
"2020-09-24",2094,10793,3,57
"2020-09-25",2098,10866,4,73
"2020-09-26",2103,10906,5,40
"2020-09-27",2109,10950,6,44
"2020-09-28",2114,11008,5,58
"2020-09-29",2125,11086,11,78
"2020-09-30",2133,11162,8,76
"2020-10-01",2138,11253,5,91
"2020-10-02",2147,11353,9,100
"2020-10-03",2155,11403,8,50
"2020-10-04",2163,11454,8,51
"2020-10-05",2171,11549,8,95
"2020-10-06",2179,11659,8,110
"2020-10-07",2186,11774,7,115
"2020-10-08",2195,11885,9,111
"2020-10-09",2201,12032,6,147
"2020-10-10",2210,12120,9,88
"2020-10-11",2219,12190,9,70
"2020-10-12",2239,12304,20,114
"2020-10-13",2256,12480,17,176
"2020-10-14",2272,12634,16,154
"2020-10-15",2283,12772,11,138
"2020-10-16",2303,12955,20,183
"2020-10-17",2318,13071,15,116
"2020-10-18",2342,13160,24,89
"2020-10-19",2362,13309,20,149
"2020-10-20",2383,13505,21,196
"2020-10-21",2408,13666,25,161
"2020-10-22",2436,13844,28,178
"2020-10-23",2470,14057,34,213
"2020-10-24",2489,14192,19,135
"2020-10-25",2525,14304,36,112
"2020-10-26",2551,14530,26,226
"2020-10-27",2580,14772,29,242
"2020-10-28",2607,15022,27,250
"2020-10-29",2628,15252,21,230
"2020-10-30",2663,15476,35,224
"2020-10-31",2692,15629,29,153
"2020-11-01",2730,15746,38,117
"2020-11-02",2757,15986,27,240
"2020-11-03",2790,16221,33,235
"2020-11-04",2819,16484,29,263
"2020-11-05",2846,16747,27,263
"2020-11-06",2878,16986,32,239
"2020-11-07",2913,17101,35,115
"2020-11-08",2947,17203,34,102
"2020-11-09",2972,17424,25,221
"2020-11-10",3008,17641,36,217
"2020-11-11",3033,17850,25,209
"2020-11-12",3065,18056,32,206
"2020-11-13",3088,18268,23,212
"2020-11-14",3116,18370,28,102
"2020-11-15",3133,18448,17,78
"2020-11-16",3153,18635,20,187
"2020-11-17",3170,18840,17,205
"2020-11-18",3195,19049,25,209
"2020-11-19",3216,19256,21,207
"2020-11-20",3238,19453,22,197
"2020-11-21",3265,19551,27,98
"2020-11-22",3279,19616,14,65
"2020-11-23",3293,19778,14,162
"2020-11-24",3314,19960,21,182
"2020-11-25",3334,20096,20,136
"2020-11-26",3355,20248,21,152
"2020-11-27",3379,20399,24,151
"2020-11-28",3397,20487,18,88
"2020-11-29",3418,20536,21,49
"2020-11-30",3438,20683,20,147
"2020-12-01",3452,20843,14,160
"2020-12-02",3473,20978,21,135
"2020-12-03",3498,21109,25,131
"2020-12-04",3522,21257,24,148
"2020-12-05",3536,21324,14,67
"2020-12-06",3563,21405,27,81
"2020-12-07",3584,21558,21,153
"2020-12-08",3601,21708,17,150
"2020-12-09",3617,21863,16,155
"2020-12-10",3644,21997,27,134
"2020-12-11",3660,22143,16,146
"2020-12-12",3687,22225,27,82
"2020-12-13",3712,22300,25,75
"2020-12-14",3740,22461,28,161
"2020-12-15",3761,22619,21,158
"2020-12-16",3788,22779,27,160
"2020-12-17",3817,22949,29,170
"2020-12-18",3835,23171,18,222
"2020-12-19",3870,23282,35,111
"2020-12-20",3908,23373,38,91
"2020-12-21",3929,23573,21,200
"2020-12-22",3961,23773,32,200
"2020-12-23",4002,23974,41,201
"2020-12-24",4037,24213,35,239
"2020-12-25",4066,24354,29,141
"2020-12-26",4097,24464,31,110
"2020-12-27",4136,24550,39,86
"2020-12-28",4170,24728,34,178
"2020-12-29",4205,24941,35,213
"2020-12-30",4243,25198,38,257
"2020-12-31",4283,25464,40,266
"2021-01-01",4313,25571,30,107
"2021-01-02",4349,25702,36,131
"2021-01-03",4387,25814,38,112
"2021-01-04",4427,26021,40,207
"2021-01-05",4456,26192,29,171
"2021-01-06",4462,26206,6,14
